416 AUCTORUM NOMINA.

seq. 213, 21. 214. 24 et seq. Sophronius 247, 23. 248, 4.
218, 6. 221,21. 223, 9. 224, Theodoretus 400‚5. 411‚3.

17. Theodorus (scil. Mopsuestenus)
Parmenides 96, 14. 12, 11. 16, 4. 23, 15. 29, 4.
Paulus samosatensis 168, 25. 31,11ot. 39, 1. 42,31. 54, 22.

247, 31. 254, 28. 306, 28. 55, 25. 57, 31. 58, 21. 59,

307, 21 et 26. 309, 1. 22. 60, 28. 61, 27. 66, 6. 67,
Photinus 247, 23. 248, 4. 19. 68, 19. 70, 1. 71, 24. “
Pythagoras 96, 13. 73, 34. 77, 6. 78, 3. 81,6.
Sabellius 247, 18 et. 32. 248, 5. 82, 24. 86, 27. 90, 19. 97,
Severianus 16, 1. 23, 13. 29, 4. 21. 104, 17. 105, 27. 106,

31 not. 39, 17. 40,21. 55, 22. 108,1et 10. 114,3. 117,
13. 58, 7. 59, 14. 62, 21. 24. 122,14. 128, 22. 142,
64, 29. 66, 29. 70, 15. 82, 18. 145,17. 149,10. 152,
30. 88, 34. 93, 1. 97, 8. 100, 25. 159, 29 et not. 163, 5.
20. 104, 1. 106, 20. 108, 5. 165, 32. 168, 3ο. 177, 9.
115,12.116,29.119,3. 202, 24. 205, 28. 207,31.
127, 25. 139,4. 142, 26. 221, 7. 232, 14. 234, 30.
145, 15. 148, 25. 149, 16. 236, 7. 238, 3. 259,23. 272,
153,14. 157, 1. 159, 17 et 5 et9sed vid. not. 276, 29.
not. 162, 27. 197, 19. 199, 278‚10. 279, 12. 281‚15.
6. 205, 23. 208, 5. 221, 16. 285, 10. 308, 30. 312, 18.
222, 21. 225, 16. 235, 4. 316,15. 317, 29. 321, 24.
259, 19. 262,7. 272, 1 et 23. 325, 21. 327, 14. 339, 34.
276, 25. 292, 17. 296, 17. 340, 17. 348, 11. 358, 11.
301, 28. 308, 22. 310, 29. 386, 5 et 34. 388, 35. 391,
316, 13. 320, 3. 321, 31. 26.

323, 14. 325, 17. 326, 7 et ὅ ἀνόσιος Θεόδωρος 302, 17. 309,
29. 330, 20. 332, 21. 345, 12.

8. 353, 25. 365,21. 1388,33. Zeno 96, 15.

390, 1· 413, 7·

CORRIGENDA ET ADDENDA.
Png. Lm.
2, 7 . ἄλλως leg. vid. ἄλλοις.
7, 12. διακομίαν corr. διακονίαν.
20, 1 Ι. ἐπιστάσεως leg. ἐπιτάσεως.
22, 6. ἕθνεσεν corr. ἔθνεσιν.
28, 32. ψευάδελφοι corr. ψευὸάδελφοι.
56, 23. εὐπαγγελιῶν corr. ἐπαγγελιῢν.
83, 31. φορμακεῒαι leg. φαρμακεῖαι.
1 12, 22. ὅρμόζει corr. ἁρμόζει.
134, 14. εὐμγετουμένων corr. εὐεργ.
139, 1 7. Σατᾶναν corr. Σατανᾶν.
169, 34. ἕν leg. ἐν.
275, 24. ἐπῄνησεν leg. ἐπῄνεσεν.
310, 21. Σολομιτῶν leg. Σοδομιτῶν.

